Q1:
31、41、59、26、53、58、97和93
slot  0 1  2  3  4   5  6   7   8   9
elem  . 31 41 53 93  .  26  97  58  59


Q2:
0.8



Q3:
会有不同序列
41、31、59、26、53、58、97和93
slot  0 1  2  3  4   5  6   7   8   9
elem  . 41 31 53 93  .  26  97  58  59

Q4:

slot 2、3、4、5


Q5:

slot 7、8、9、0


Q6:

slot  0 1  2 3 4   5  6   7   8   9
elem  . 31 T T 93  .  26  97  58  59


Q7:
106、107和110
slot  0   1  2   3   4   5  6   7   8   9
elem  106 31 107 110 93  .  26  97  58  59


Q8:
106、107、246、145、151、103、245、108和221
Slot	0	1	2	3	4	5	6	7	8	9
dis	2	0	1	0	-	0	1	1	2	2
elems	108	151	221	103	.	145	245	246	106	107



Q9:
会有不同序列，调换151、221输入顺序
Slot	0	1	2	3	4	5	6	7	8	9
dis	2	0	1	0	-	0	1	1	2	2
elems	108	221	151	103	.	145	245	246	106	107


Q10:
slot 5、6、7



Q11:
slot 0、1、2



Q12:
delete 151
Slot	0	1	2	3	4	5	6	7	8	9
dis	2	0	-	0	-	0	1	1	2	2
elems	108	221	.	103	.	145	245	246	106	107




Q13:
delete 145
Slot	0	1	2	3	4	5	6	7	8	9
dis	2	0	-	0	-	0	0	1	1	-
elems	108	221	.	103	.	245	246	106	107	.






